[main]
fullscreen = False
screenx_current = 400
screeny_current = 300
debug = True
skip = True
posx = 0.949870958743
posy = 0.92354835789
volume = 0.0
highscore = 100000000

